203
274
198
206
198
166
193
194
180
159
115
286
152
200
253
105
142
176
205
228
91
143
200
120
199
127
169
187
237
134
183
121
87
328
171
138
179
222
108
225
129
212
127
240
170
218
197
163
126
166
174
150
192
187
151
157
141
274
240
193
169
187
186
120
140
94
161
161
185
224
139
156
209
139
225
213
182
232
132
221
213
264
197
162
117
158
194
172
342
156
172
301
188
182
174
190
195
143
191
285
134
201
133
167
138
127
203
142
180
196
300
146
194
124
201
121
151
147
156
346
182
173
228
223
235
90
148
142
151
176
114
197
112
122
214
264
169
139
178
173
140
133
242
234
125
140
136
224
230
93
147
166
192
53
93
187
116
196
317
349
223
143
206
188
374
259
243
231
214
167
405
282
208
183
246
185
255
319
128
149
298
421
285
187
223
340
147
138
189
612
171
253
219
197
176
364
229
172
194
269
238
354
247
257
209
271
174
93
390
234
263
299
125
231
219
218
302
286
192
130
233
131
373
163
297
299
200
305
202
177
188
302
237
265
213
172
417
161
321
278
225
184
173
230
174
171
311
175
286
337
323
286
268
331
187
179
193
147
246
362
169
269
191
288
212
314
174
363
181
148
291
140
450
302
233
243
291
241
206
158
236
162
251
325
193
206
274
242
325
167
268
254
192
330
145
272
140
332
295
166
226
243
90
254
323
174
197
477
177
220
255
411
143
203
215
168
246
256
263
185
442
259
252
205
333
204
217
171
163
181
181
162
340
335
256
205
222
163
248
250
170
215
348
226
318
291
137
491
210
346
246
233
154
210
191
116
367
257
308
132
193
191
203
132
194
158
220
143
343
128
178
138
197
248
157
159
215
155
254
219
264
143
127
234
284
147
291
276
263
166
197
158
171
277
211
329
223
204
311
223
395
283
247
279
226
235
142
241
211
179
285
214
227
203
104
96
174
243
179
301
131
247
258
194
188
223
248
228
302
174
160
157
106
348
392
98
180
234
297
425
205
148
318
582
155
134
154
332
179
153
431
203
290
198
249
143
136
174
183
153
243
177
194
399
243
229
228
155
138
223
209
228
247
136
201
124
198
207
50
234
342
253
222
203
227
175
276
359
234
200
225
104
176
307
300
141
341
240
193
229
178
290
213
252
194
212
167
111
141
194
299
177
316
216
353
152
244
224
209
215
196
135
136
105
186
201
166
191
209
160
129
143
142
134
147
206
190
137
97
260
246
185
179
239
147
364
166
224
185
161
163
253
161
215
163
219
314
142
174
190
148
191
270
262
184
126
223
377
197
125
136
191
97
225
199
106
149
145
281
278
166
136
303
177
143
184
268
126
201
133
203
146
222
68
212
177
215
71
181
128
227
348
172
194
269
257
305
188
237
270
166
304
187
160
251
292
219
241
310
220
247
161
177
148
171
246
258
183
137
213
211
153
311
192
172
180
214
181
152
212
216
238
177
387
218
290
93
248
394
215
233
134
157
361
268
279
153
262
332
270
263
249
299
214
142
117
103
256
232
175
308
212
166
287
163
296
218
181
175
206
223
232
128
191
185
293
130
260
184
178
189
189
104
117
184
96
210
230
170
300
182
152
271
154
261
373
244
177
241
205
124
318
136
177
265
229
188
218
170
302
303
205
214
228
135
349
226
395
169
183
272
203
157
278
205
225
293
143
209
267
150
166
162
193
135
156
226
215
229
135
65
305
257
244
194
205
171
170
204
250
214
303
159
154
402
250
169
129
160
299
271
159
360
241
407
215
159
196
237
167
333
198
152
281
265
329
152
212
143
140
256
145
185
130
328
281
244
211
229
188
159
131
455
149
188
205
200
305
179
214
93
169
199
216
142
229
228
188
188
152
207
204
223
237
162
170
212
228
227
120
144
207
265
169
210
133
85
271
233
191
215
173
174
304
227
226
212
364
173
189
208
194
160
310
202
174
127
363
149
198
431
281
185
124
204
213
128
148
308
166
267
259
196
243
156
201
180
257
162
346
160
276
133
312
206
164
173
323
1165
206
280
236
174
274
183
400
266
161
210
175
162
186
118
104
318
362
273
208
236
147
222
132
187
104
184
162
247
221
196
219
104
213
245
300
272
238
196
194
214
312
137
143
308
230
240
299
140
172
228
191
162
199
231
184
207
236
338
97
189
421
284
221
216
194
266
254
187
136
325
128
187
342
256
156
226
385
229
264
65
134
223
286
321
215
181
242
187
111
342
198
67
213
220
232
154
343
301
101
110
158
262
213
266
202
191
224
183
192
254
167
186
126
112
267
152
129
337
234
272
180
243
191
188
104
182
290
381
159
233
208
274
302
191
221
155
158
260
177
123
215
138
126
190
163
339
179
155
242
180
176
192
226
204
295
262
139
173
146
242
139
179
276
168
267
152
158
346
266
178
269
264
275
236
185
204
266
230
244
295
117
123
150
186
165
289
194
173
255
196
226
169
176
166
145
282
192
175
53
228
188
183
212
231
198
136
253
197
100
220
125
167
88
142
198
226
188
374
213
187
232
226
216
242
225
228
247
256
272
245
406
165
318
116
178
233
259
300
238
204
232
196
197
229
387
171
182
300
208
128
270
154
274
285
282
301
278
314
172
181
211
286
379
189
267
221
192
170
214
282
275
335
293
165
251
157
228
270
207
218
333
305
238
192
301
223
274
185
279
219
302
143
262
246
250
178
142
399
260
182
423
245
198
194
200
244
277
150
301
142
200
224
282
388
269
228
143
186
172
338
265
213
277
248
184
173
235
165
166
179
151
216
430
251
265
215
296
190
450
297
255
269
486
192
257
284
255
157
219
232
324
208
300
321
201
323
216
265
165
362
279
172
242
169
265
159
303
308
301
264
357
158
273
231
270
138
144
222
348
282
362
357
274
69
185
357
209
325
432
236
189
227
421
138
254
251
216
122
254
215
146
319
231
218
184
252
271
190
203
302
125
140
148
197
247
267
229
270
199
124
208
120
103
141
264
259
184
96
230
204
200
194
181
258
327
257
301
212
222
253
268
224
189
88
232
198
256
272
165
190
146
302
200
205
136
154
210
179
147
194
301
167
190
214
260
144
177
281
186
237
222
181
120
164
167
194
216
158
215
165
202
293
152
155
472
165
117
161
187
199
173
126
93
193
123
143
174
167
124
229
205
221
330
166
138
224
145
196
192
111
218
101
243
99
153
259
300
199
142
172
165
152
88
156
197
149
186
162
193
133
182
216
178
154
144
176
231
202
189
335
214
171
362
135
187
142
152
143
151
144
171
302
153
222
168
145
168
145
337
166
266
177
130
233
144
95
276
187
204
368
239
166
158
192
276
103
145
199
162
141
155
137
161
142
216
253
158
285
287
268
182
144
135
183
68
157
68
182
192
254
188
155
125
301
179
204
221
150
84
116
232
185
140
185
259
158
233
136
206
200
229
210
157
162
186
142
154
218
165
68
175
236
162
175
210
186
216
186
189
205
207
195
159
178
166
182
187
168
198
162