0.15280706581639816
0.17387709642014246
0.17197660027367373
0.15224609597268596
0.1711508013949508
0.18449770673857194
0.1639789266113946
0.16515010311484266
0.19037292841861117
0.14209546270269927
0.1471206557872426
0.12817814835340785
0.1504328406183449
0.18103483429713702
0.12685253903736715
0.15638020667579505
0.1662165153634904
0.12713274921019344
0.14405124357130536
0.1300276410962991
0.16368468307129777
0.16039994294679966
0.18103483429713702
0.15599826400100447
0.12494968671660084
0.1677563721833612
0.19457096093928972
0.1589969607558235
0.17781854347433865
0.1608576400445758
0.2204371905629546
0.15770723965351202
0.19323196618190575
0.19385661296949738
0.1674329533250006
0.1482608755057191
0.2151407730970925
0.1454213912215698
0.17032235491537498
0.1611344236613235
0.19146023215426233
0.21236440208719132
0.16946751715085287
0.1563452209727123
0.13505242402973408
0.17497267767092609
0.13268778741100687
0.15046594917053638
0.14851108546925207
0.19524944159383972
0.16581562577898998
0.2170877177264897
0.17755609894958216
0.12932187246180846
0.16082270380157096
0.1711927103217079
0.16995335304758805
0.14214702597628814
0.19270711549304523
0.18499011947274335
0.14571054018563018
0.2237020184944662
0.1308430463306819
0.14694987543608976
0.14098678181872004
0.18258984408476925
0.19509764673806895
0.1565268568719421
0.1592184582753457
0.1457053297321576
0.16140431653146517
0.15676660400035275
0.15124000043664135
0.16663995346987792
0.24017839516813563
0.1380497471920795
0.13578972263888617
0.1430529811737277
0.148367531104347
0.15858995435410753
0.17641965334606782
0.17125636344003667
0.1769843703828446
0.15908749713212178
0.24692290562654157
0.1505045402893166
0.1746504634217842
0.14417351611853055
0.16207546339428838
0.1356997100245304
0.1866736802798614
0.17495385877030578
0.17607350290549373
0.14275893323217584
0.1673628175579324
0.15316903689560954
0.17301322378498774
0.1554060145184809
0.16451688049301608
0.201373141763113
0.19961840294613728
0.14097332777964197
0.14649628334937925
0.15128337785395377
0.19440760521767858
0.1886358278964437
0.18235360781586174
0.17761264687961714
0.16060861015558012
0.11751346021300442
0.18483663906606504
0.14326193111305446
0.15625853978190596
0.21114088657396188
0.18949204818379004
0.16593614897437758
0.1558518181641242
0.16716503984556028
0.1616493547576782
0.19990555260429696
0.19736951816873324
0.17035209686694572
0.1467025292507019
0.16385025173007395
0.13350454346946009
0.1406154669422194
0.21562144187648385
0.16166866977620595
0.155886066778897
0.1750374183729962
0.17828791181309264
0.14036756950983287
0.14006244006704924
0.16270890896314116
0.21944524368534127
0.16379590808954775
0.2065064988071283
0.1618483523713219
0.15501980764529621
0.12815340408655285
0.18093329718293988
0.14196324175891228
0.15450446775514165
0.14873482270131547
0.12190880232650472
0.16791646474116678
0.10879530351787861
0.1686697511831562
0.17884189674018688
0.15090362706807361
0.18078240202741278
0.17631721260246708
0.16612927559540966
0.22614932654433886
0.14425094346159353
0.15496947494067087
0.1835977303201503
0.14625010398807303
0.1236654130561344
0.17619472700179808
0.14617761541858088
0.1501955317839023
0.1686537345153704
0.10612235992410954
0.18047369634294927
0.1636753266530318
0.15463830844090673
0.1434066076585339
0.11462248909093739
0.1330551699996361
0.15912002735187053
0.12274057695337333
0.1461916692031682
0.13093087945695028
0.11130907387916136
0.12025066741039071
0.1488809212298225
0.17405427923045858
0.18063890416323042
0.15771693579175872
0.1743201079562193
0.24055833687749933
0.18253615743904744
0.14960264936836518
0.12620820778937045
0.1443865589460823
0.12666614232163234
0.13676401430745408
0.1294364158697078
0.3379235398905276
0.15243253295560652
0.1597523335419134
0.11798179364011863
0.14902356073142442
0.14764107517615863
0.15759261303150252
0.14942726422098995
0.10027919323988142
0.1183488086076751
0.13901779594029492
0.15182509329725263
0.1429004332051541
0.16925443794844916
0.14551456721142247
0.12712502457728164
0.11105685194486285
0.13240403713688959
0.18168814634726582
0.1724855677457384
0.11288508785126475
0.15225330174558024
0.14891680712164948
0.13309446169770353
0.12151795266087359
0.13346508747599017
0.13392778109217768
0.17195857593093106
0.12855044134049692
0.1682668711432116
0.1719756992932207
0.1199335151942513
0.13631188654164866
0.1735274828238432
0.17639299897240865
0.16548192909177525
0.15580803440190372
0.14082608486420806
0.144447822145765
0.1181835325861568
0.12328240143557631
0.1334046469762122
0.11703757328509647
0.1643276275663179
0.12918549693999284
0.13745716313291317
0.15718359793162776
0.37269201292443066
0.17349715006635516
0.14921449523893127
0.1622334474412297
0.24017839516813563
0.14652402054782523
0.1768524902592922
0.11918220696323947
0.12011382237054316
0.15717752475696625
0.15650461000308757
0.182836044148655
0.18761313694528126
0.21067157794619015
0.22526860553481987
0.12860355961861009
0.14780927461847618
0.1320698833383394
0.13151923323210815
0.12556612391832453
0.12003711175345731
0.12666614232163234
0.1309695496429955
0.14315414741035812
0.11118777069317841
0.13562870176176461
0.12497135347362376
0.1338728656001269
0.1264713418177536
0.1473801215395003
0.13304345915166757
0.1315211332049801
0.15028570171311012
0.18051191900143612
0.18102668134874633
0.218216836788351
0.16014441335846655
0.12179412447947742
0.15278288900590173
0.1272522606094517
0.16497126721981942
0.22150377307021293
0.15155070191080078
0.15871055150896154
0.13833148759913244
0.1372269118452312
0.18929612176234992
0.13113745582340036
0.15081832301050993
0.1402948664024088
0.16848748921762677
0.13330897031421982
0.15882564547370995
0.14617601465312563
0.19529211233318833
0.11684462141275251
0.13957712946284967
0.14605819935711786
0.1588556906892282
0.14256840186775463
0.18177316655220102
0.1542800208330629
0.21963666798095974
0.16959714871202397
0.1258026618660951
0.14222111683012492
0.16550923772592227
0.18349781768847642
0.1579185445137432
0.13062808091608338
0.1670075638468193
0.2246430418011472
0.2017631892457291
0.13597180781784907
0.17645208684506672
0.2696031042248226
0.18444400014501164
0.1382498752533901
0.15904622863116083
0.13660367737928816
0.13676426834397395
0.12130209245632025
0.15997509836559493
0.13630431425967213
0.1427404055449895
0.17136031822354483
0.16733887549248494
0.12429020474914575
0.13169957845422572
0.16329159045683156
0.1620299769310619
0.13500737300997748
0.15543884292170393
0.17317437551857714
0.13777128935442604
0.1755397862474904
0.125521573718362
0.1360172891956761
0.12130209245632025
0.16032708867583934
0.14271354814487722
0.14334897291998575
0.1548695252769744
0.14419388237177708
0.1332619355054886
0.14714494628330899
0.20993584033691642
0.13227577430276308
0.15770173363429701
0.11781595762306343
0.11930244771192035
0.14938374496873075
0.16793465682822134
0.19675383204778277
0.11183580917109931
0.1549320922811696
0.11787274783976108
0.1771023877839732
0.13757987412466186
0.16368546896371752
0.14828364972506675
0.1806284229234647
0.1294497920267955
0.2136859668550825
0.1971656338084632
0.13987372097017778
0.11690398810161179
0.11846197242797439
0.15789418496807095
0.15882696191391624
0.1304566160961749
0.1193367439649509
0.2455343587279973
0.15504968335565725
0.19494754489521474
0.1314475484418246
0.14149362782851121
0.17189387780697185
0.1318206406090563
0.18746277292194186
0.20984088371073875
0.17725476049136177
0.1562573742104794
0.11798179364011863
0.16380332816249246
0.16946965925858554
0.15159551870847
0.16842931763207766
0.19910034900334692
0.15252945174561966
0.2103818146148898
0.1699268189457052
0.13563407957714063
0.1068413629552013
0.14871066022435056
0.1910601011616266
0.21372820052600885
0.14373248934294863
0.1422184519583603
0.15653140458886455
0.17448859066662334
0.15284940527891575
0.1517576637042231
0.14756060283793662
0.14439612841799862
0.164177237161414
0.1344281742113604
0.22612966984628644
0.22217080101428308
0.17188309112822792
0.19560796747093526
0.1582218265139547
0.19415648352887033
0.15293817743388946
0.1287284077487958
0.1349131908040412
0.15790648879112537
0.21275105688800383
0.18409740999232657
0.20301654631121466
0.11893769399223011
0.13479656128444917
0.17500187736799913
0.13493947175547374
0.13631188654164866
0.19595139266721084
0.14681002263258153
0.17978798803116444
0.17309469016648332
0.14193476065395144
0.10773008043729189
0.12520300400016868
0.11703757328509647
0.17351134342569371
0.1354205756157601
0.1580631423741692
0.14552077212724882
0.16612430866666789
0.18195680491089078
0.21806803029334826
0.20382921597254183
0.18144947642340903
0.13341655582736647
0.1906986764697146
0.14450480916753133
0.1430794792627536
0.1465432596025371
0.14844753489410875
0.16488304938085155
0.1362444282348669
0.14950442993784274
0.166978011913948
0.18825171030815407
0.19720726950725023
0.18940917852723257
0.16989298961750185
0.13800450711362916
0.15851178191803134
0.13006327302423193
0.1523463437795657
0.1208682197736107
0.12572104026122585
0.1560301057000832
0.20289905237014008
0.2009345693297312
0.18680455801095963
0.12198400451289906
0.16401817444247832
0.15873946818428958
0.12405645157408396
0.15846410521083634
0.16266787433786337
0.16976386231418703
0.15390589607468136
0.21147598551963637
0.13226883720598112
0.16899550150094284
0.13883597950358365
0.14957956866514233
0.15852052172172704
0.12994318931968923
0.11902089514359541
0.244527368171724
0.13922429555783566
0.15099122515870605
0.14930982171942467
0.15138223671829512
0.11224812551996308
0.11924428358324983
0.17567749084646503
0.17926486515275017
0.19867626334090374
0.12082424558498049
0.14322716667278157
0.1465435183102954
0.14268786107121922
0.1440701194525375
0.13650813277085597
0.2229486473752288
0.14117159099936832
0.14839301144397232
0.12251066192994024
0.16558962669214009
0.18006578562579564
0.14653520263746952
0.1499972255324218
0.11283631020391652
0.1566336478217685
0.11674022181616134
0.1702775197095501
0.16200193074103425
0.13581584604308078
0.15286604063148243
0.140231957940068
0.1560483888825089
0.17317850136368607
0.17045511454392615
0.18145215169398957
0.22304810994634144
0.16886372537333189
0.2109266321433088
0.1686697511831562
0.15336665125448418
0.22105934559323542
0.16777853713729662
0.16885587984623918
0.16460497964359558
0.1315998848912125
0.20552825137190076
0.20179190579110012
0.1344916610694876
0.21851300962998224
0.1391015723425174
0.142902518168175
0.15166378074592432
0.14671475258962188
0.13554574739368136
0.1362444282348669
0.15252945174561966
0.17233208497671376
0.13282905481744076
0.1625744511202984
0.16575328281023421
0.1325869664741993
0.18921622242068106
0.16278457633013585
0.13390648025489355
0.19005206373359407
0.1333427223267433
0.15759261303150252
0.10860127993086757
0.15085897999382883
0.1542613888154962
0.19162402511273535
0.12529644036277252
0.13139915560850035
0.12469099994802171
0.12828788861271576
0.15046594917053638
0.2210159805429897
0.24100494496462327
0.13754821784946755
0.13240403713688959
0.14276547250387472
0.19508537321607985
0.14318265088246168
0.1494689155755109
0.1614347520047108
0.13326727846224556
0.14086650246352542
0.13891668300100027
0.13951430302652615
0.1503950232566885
0.23066517125762434
0.12341742709192642
0.1251559327974935
0.15343240141759645
0.2085311816687424
0.1834460172638817
0.16557596071175468
0.151556691232898
0.14044893704672154
0.1863941681517836
0.15660556372908785
0.14537347430979072
0.24683301668416402
0.11634951124967674
0.17743490640212717
0.18429676840961284
0.13678526139436264
0.12844678742508123
0.1533100712699065
0.14212002865885776
0.14820374135163897
0.1687723798646476
0.15645740222115032
0.12365816546659203
0.2373076694397166
0.12177212656187625
0.13128198305874145
0.18145249073018233
0.16904376967770415
0.14979821816985284
0.143338980061491
0.12743180045180055
0.157660328251377
0.10027919323988142
0.11871419863200786
0.13898820240522727
0.22509568254767148
0.16629364748026965
0.10700901509106767
0.16206657687147188
0.12890881947977587
0.1289679040240201
0.14601009881693094
0.12932187246180846
0.1751480189558748
0.13218353191114207
0.154946240429347
0.14924964204600838
0.17270919179250194
0.22255313528699866
0.15013940337205856
0.16943667187652095
0.12137736451472457
0.17448882565812393
0.20663421950006694
0.13625984698627067
0.11995401287843047
0.1454261760597513
0.11195568178961973
0.11974298620864636
0.14928022837628827
0.27144913703579954
0.1293221116795769
0.1517576637042231
0.15930461675551846
0.1428649795879417
0.19203539728860045
0.158659629280727
0.15520373332666446
0.15474710728602237
0.12472295440193724
0.2332648270428546
0.15717719604925567
0.2249397530183767
0.18133942962060023
0.14858893249276123
0.14528070548625868
0.18168814634726582
0.1489260757703512
0.1632787144884738
0.14803473678822746
0.1937255740226501
0.12832161691949515
0.1387197414437726
0.1417537515444928
0.1254877593097889
0.22612966984628644
0.1274610172860236
0.11646217558784525
0.24776098090991097
0.1494689155755109
0.15246553143564326
0.21566074529491572
0.14901545227212107
0.15170116183644616
0.16563656691518758
0.16397349857207044
0.1401527297245058
0.1851936982525938
0.12865465598181255
0.1286018774847039
0.1440985625150357
0.18015058231829015
0.12942385359066894
0.12857169592364662
0.15543884292170393
0.18630363486262214
0.13392778109217768
0.15716372796881248
0.1294773200892475
0.13012030070039685
0.22495731673671981
0.12880374289559865
0.16756982727782377
0.12904444932286055
0.16808731553435577
0.1550181323881254
0.1719756992932207
0.13015398922746751
0.13832391484188492
0.14288034457100238
0.17396114337567525
0.16648984178237033
0.18409740999232657
0.14617804482253852
0.11329497584268125
0.21395864461037722
0.10675330034998091
0.12212629286785916
0.1799926553378057
0.19031197503113173
0.165555412232402
0.16312754014142203
0.13646741004860513
0.11882680655790535
0.1650836169593611
0.1735274828238432
0.1054620861435056
0.15790857297523087
0.20686226460110854
0.1885911412067902
0.22653534043546827
0.1624649024258163
0.12341742709192642
0.12328240143557631
0.20522346796957064
0.16751676421303222
0.1334046469762122
0.13504819495741976
0.12824337466664387
0.11703757328509647
0.1218745469878912
0.1344492089645607
0.1545554894157744
0.1707876156520951
0.1611949109097775
0.16599537979422502
0.16681954046225084
0.14700828007934316
0.16577814266254065
0.1457750367287834
0.15586185782106265
0.1357854555730468
0.3120586428713064
0.1622334474412297
0.17801145142978592
0.24017839516813563
0.18811452401718493
0.14694724476001095
0.1312262971481954
0.13313193494989933
0.14734943374178475
0.144968538183443
0.12559946850920956
0.1471823943133493
0.1942405235456599
0.15591676289655435
0.20345022817916603
0.114203640069693
0.16825525114121467
0.16073096413990895
0.1553998815396411
0.18051195000135067
0.15235111925299083
0.20885683982154693
0.15192932144824028
0.12443615740841821
0.15717752475696625
0.13824356941371965
0.14271440978524866
0.1386839279056545
0.14985386255063762
0.13998437091154392
0.14377517495464154
0.15263446560331617
0.18795587477593864
0.12069853130753667
0.14711218188087738
0.1260016929110455
0.12612502904698
0.13677780316543037
0.2343713189049124
0.13414347968785928
0.19693575986942008
0.1650945494842139
0.13924551242647512
0.14483439053335853
0.14243059362221436
0.19399075298242036
0.13049720305593687
0.13707051481614968
0.19464981361695927
0.15687640658741736
0.17833098504060685
0.1863941681517836
0.19522864885383048
0.16009023023488814
0.17655253094990225
0.13910088211485272
0.1523463437795657
0.16132232190532603
0.1672401664987356
0.19258676099695948
0.1316238439656329
0.16288111435375024
0.18318337798725484
0.14029999098756304
0.16160166677098572
0.16174945975167243
0.14165491975526323
0.16481888565435912
0.16148294972785251
0.1299104148129226
0.12427687861623994
0.15803551163230892
0.16203024508591538
0.161179122014405
0.137750230295341
0.23795758035140405
0.1861684432069985
0.16945145924958288
0.17439034237948994
0.20160817588277283
0.15888352030741523
0.1608883526898041
0.13812751557717878
0.12405645157408396
0.15846410521083634
0.16224826925864044
0.14438097081553466
0.12368490647889373
0.12903563624363446
0.1920057150525112
0.15390589607468136
0.11170093859069902
0.11259746673365867
0.11134410018748112
0.19067522280421997
0.13226883720598112
0.12206973700103506
0.11844926811535389
0.1612763692323743
0.1277869751795324
0.14179247315474527
0.11118777069317841
0.11540745204605277
0.1475707969584121
0.2568868961842218
0.17310786614935492
0.14291636547746794
0.12497135347362376
0.19526257619688228
0.140351334655451
0.1673628175579324
0.15901320794788942
0.1343966337018619
0.1672128365220179
0.13013296361633803
0.15381912538784542
0.1462454815968646
0.15359057178773547
0.1473372887898171
0.12023585867996238
0.12678067571654017
0.14345293814057614
0.20059439865468098
0.13304345915166757
0.16498127933046672
0.1315211332049801
0.16047214969601079
0.1620255854396512
0.16188393795348816
0.16417824412096418
0.16278457633013585
0.22652718291909618
0.171597868929974
0.16420118992024124
0.1511071163179809
0.18051191900143612
0.13310674347615073
0.1424453494797366
0.12855535262782145
0.1543520748282096
0.1627400113858044
0.1662435297769305
0.15448275662179187
0.15770346484118966
0.1271012134082675
0.17260196651775134
0.12853273075903773
0.14652041014614217
0.1350339115162978
0.14833149430177053
0.1289957340876055
0.1852603401762666
0.13038410908485942
0.12007391577567769
0.15041164795066675
0.13208683365542032
0.17986627344901648
0.15155070191080078
0.17193224916630992
0.13934107103709387
0.15487951290059893
0.15507205230858065
0.12152349146622501
0.2081969035994487
0.18455987435626253
0.14199236524563055
0.11699095445398376
0.16520719003931536
0.1372269118452312
0.20298057840012368
0.15025052241192816
0.14268786107121922
0.12476028906332237
0.14670174318496315
0.18375851752561187
0.14318927005362825
0.11798803232629507
0.24031253520832627
0.17450582574795068
0.19373806013745992
0.184133243234037
0.15437283457510495
0.12027104626139754
0.20096695065547351
0.15353740727712897
0.13462799718212962
0.19096831603793205
0.15846131811664516
0.13501414998470726
0.19220815626851087
0.1837246821211826
0.2229486473752288
0.153929416542874
0.12662312159414035
0.11751346021300442
0.12213912600096061
0.1342170703150915
0.14702138067278012
0.17454031805301415
0.13097322170197748
0.12066392879713687
0.1499354187890863
0.21823301509528148
0.1854644662118644
0.14027867092000965
0.15677229551812394
0.15943140213709306
0.2047086067282123
0.16551852284596588
0.13258788870981195
0.17521968677821145
0.1882682994194465
0.13853790173904418
0.13514456620070828
0.20280691554654842
0.3270029569582662
0.14351851388345696
0.17490529362348042
0.17333849291499992
0.12529471963613534
0.13885601903365888
0.1438374269792545
0.12456547395367926
0.11684462141275251
0.10710306255178066
0.14536300348467052
0.13024650252831615
0.1705633219032952
0.22060358554908588
0.15190545943149578
0.12697859385505608
0.14475969464018285
0.15498689359949033
0.14113716643663954
0.18035347586893516
0.1441696992583233
0.15939779799402162
0.1542300573990431
0.16385025173007395
0.17448662079013993
0.14618117996373667
0.13973492665031828
0.1706550219648813
0.160337596478417
0.17017668144531548
0.21117453061323924
0.13886532584259756
0.13757360543513858
0.1988068698068519
0.22301113378670756
0.11664835152341196
0.16535480724694565
0.21218335984213765
0.17534669365524744
0.15402380531206292
0.14749315348004005
0.15924884470899195
0.15291304377043494
0.2308335934858392
0.11283631020391652
0.1571729342161418
0.20696081531527682
0.17874533012915822
0.19473224795424487
0.11471393707306493
0.13957712946284967
0.16079746485204618
0.16122668735746754
0.18949487867936568
0.17299224435952437
0.136811388115989
0.15988779382426974
0.16258371676500183
0.1571718877309621
0.14216014365252666
0.16957315672275247
0.14252112449510795
0.21251196531671565
0.18319975556056642
0.13991059163168257
0.11590142088955914
0.1468310207921258
0.14806542538727663
0.22878337642272142
0.1425576979836436
0.16483219442995684
0.14512538370006672
0.1273721396754448
0.21327312303780058
0.14616970584319772
0.19026510584553122
0.15707289093475404
0.18255256541496226
0.2160594474759931
0.15579689500572497
0.17317850136368607
0.1839615257940685
0.11358472169333722
0.22211313613967562
0.13002126877361297
0.1209748778248554
0.13769110033050225
0.19753130077636055
0.1843895366288253
0.14782821789061704
0.1830756395872488
0.21711508320009845
0.11738501511261701
0.14255609287656756
0.16907393064661655
0.1420473736292331
0.2197126560669619
0.21545127248945636
0.2177604720475427
0.12815340408655285
0.12914812379046212
0.19637839494824028
0.15000032835549998
0.15383331147186732
0.2161254285641861
0.14188438809966597
0.15902162754646165
0.16886372537333189
0.1381450762272722
0.22852306046097604
0.17161518238804802
0.19821110253331872
0.174076356245097
0.18417225369124218
0.2042912258068989
0.1780143298955484
0.19275968267316923
0.15129832297120058
0.17975904737983892
0.17884189674018688
0.16127745894016357
0.1711546799958725
0.17085656828070617
0.16429707736899454
0.1751685929028402
0.1643884250180023
0.13077087481056762
0.2181496986879924
0.13245004493085824
0.18616271512074906
0.18765793808933293
0.167673616154191
0.2196089787241728
0.15218799376184272
0.2493329637269207
0.16444377184744344
0.1728384042923896
0.12274057695337333
0.19054665110127833
0.1603564427922671
0.22614932654433886
0.1871905152627582
0.13624429603952457
0.1478535244445005
0.1484868978757143
0.15984050320716447
0.1536959047746908
0.16460497964359558
0.1622611441627967
0.15706507453572727
0.16671372563490378
0.218608852081542
0.15706073872026774
0.13296137987083279
0.209390544868622
0.17020686422997003
0.13124956482673908
0.1596166850362229
0.12916287550954703
0.18047369634294927
0.15655613965814294
0.14889405419752944
0.16545337839579663
0.14915483126071433
0.1173064785256165
0.1308243948678389
0.15854047667879706
0.170374998554509
0.1486692492864346
0.1770623091291397
0.13191762683197322
0.12965126746253341
0.1702112581405941
0.12962026309715888
0.15552025125012262
0.13450597844053028
0.21290596888970548
0.21350933541389677
0.21516828442114266
0.14587003332973197
0.1503292201457851
0.14551558516539842
0.28544113441783564
0.20099774352446342
0.13399422279683484
0.12430762926368662
0.12811824381376136
0.1626079056080262
0.1491541549928301
0.15737671589215146
0.14289341713417408
0.17964399435585307
0.14098469068226793
0.14446228945845183
0.14214702597628814
0.18253615743904744
0.11929865323636575
0.2068147542928726
0.17476830255195971
0.18541137149968012
0.15718359793162776
0.15028570171311012
0.13791924088376686
0.2016455801083988
0.13891683106599598
0.1294364158697078
0.11461381184661973
0.1232118940107949
0.1165506617880001
0.12740513243486265
0.1685258793181341
0.1204873963235221
0.1933113462290022
0.14124868058610388
0.22670878225009672
0.13881352596580568
0.2074755459076477
0.16967853166857128
0.12185868054818222
0.16632491141122305
0.15015534396825259
0.1539651538841064
0.1716823706686656
0.16629364748026965
0.16752593065366478
0.19081370956737587
0.19905772690220272
0.19934273427353852
0.13429057677938136
0.12711433660643964
0.22612966984628644
0.13654825292847106
0.18164104095544398
0.11729073942421703
0.11642027779488509
0.13039708278915937
0.12471794524336893
0.14107278708590879
0.11996610645984179
0.15660602051384998
0.13037955386545558
0.13697386299909464
0.11390025296265688
0.1873226219318677
0.11602086949270622
0.14539211322229534
0.1794624597324787
0.13841257279035918
0.11751816083518873
0.13426732373538164
0.14936970687964551
0.15182161924123178
0.14082608486420806
0.1557085453032115
0.21690681445959745
0.11894079967266008
0.1515407766324392
0.1866059371247947
0.1428917730603166
0.11834541960423177
0.16604006100645693
0.15392359860191582
0.12918549693999284
0.13745716313291317
0.1577977572716961
0.15353852593788583
0.14652402054782523
0.17690195786137342
0.25854063603999855
0.20087023870660062
0.144968538183443
0.20269194424045078
0.13833850428530514
0.13378161081724876
0.16508489517814603
0.2146385722414727
0.18356665894821667
0.17602322830958528
0.19093408773139578
0.23311832298637628
0.1778072372453857
0.15009835493273363
0.43233446294654226
0.1581686993135374
0.22377211214330117
0.14404900115808564
0.13929151900543163
0.16928085919171057
0.1426485867752078
0.2168979057910657
0.19073844238290455
0.18023241561036202
0.22933234153249646
0.12204769102898808
0.1555099299441659
0.17357389976332194
0.12553321690523203
0.13969994095231258
0.1608883526898041
0.15124162005051364
0.14262518637148186
0.14315414741035812
0.1434891799070698
0.1721595388173331
0.14340037649826679
0.1923197153661809
0.14179247315474527
0.22453960136260043
0.13511179893563152
0.15884112892347546
0.14807503193147123
0.12485727173460358
0.16396347421133992
0.19689051030769378
0.14199828592410627
0.14724373000303675
0.16774475978003064
0.17123118713884042
0.18884091243975965
0.1684672488609887
0.20912627761423597
0.16228222260718478
0.14656420046893026
0.17364406100150312
0.26901208691955253
0.16973217974193255
0.10705212743088442
0.19046848036995817
0.1360589181904192
0.15882564547370995
0.19635232009995537
0.13514456620070828
0.14306643846326123
0.1597236252453475
0.17490529362348042
0.1408587246123877
0.16916028377686357
0.19443299801281555
0.13885601903365888
0.19038993150428976
0.11684462141275251
0.16324748632745636
0.15496728752943378
0.1598103392358481
0.14094386102916495
0.18836980770757641
0.18903641371251712
0.20406694570109113
0.1739505400394905
0.16881595781052663
0.14002800283274547
0.17537132238191158
0.2067482635087819
0.18177316655220102
0.2082961308466719
0.1493853966579548
0.15711075652203974
0.18331472875990729
0.17202115381171185
0.20172335328207652
0.17124997842573703
0.13409443640742064
0.1294894449913113
0.18418895079621728
0.1607546364585325
0.19110252308479284
0.18417225369124218
0.18143501036540718
0.15167647500162434
0.17761906190066104
0.13659073383987683
0.14391654793503883
0.17252337902331094
0.1479561676348199
0.17527096271702178
0.16493554448584363
0.23247392243164347
0.18725293257223902
0.1703298365615745
0.23279155142644156
0.18830600115776752
0.18084443290975685
0.16718297051034497
0.2084309451113855
0.19869248443703041
0.209390544868622
0.1730639287229011
0.16200469689694605
0.16092451556325033
0.17094325859333775
0.14209473518360757
0.13638036936467923
0.11734534238100931
0.14655469669120583
0.14888983494008148
0.13376626229933655
0.15417888119731174
0.13900760226142067
0.15409238099517425
0.14707536578194663
0.18146262315706913
0.13281261411953474
0.22087163959543168
0.1916680782460076
0.18331470480762324
0.13442697785955196
0.1549136427784287
0.13790437067723177
0.1701863728269177
0.15115384083606434
0.13722973546275938
0.16873374113304318
0.15986654297305614
0.10424881655247502
0.11844926811535389
0.11599087303406984
0.12327437073674662
0.15236072357223585
0.1542426627896596
0.17966304113516474
0.11280295549112324
0.13456774904975954
0.1714875066185934
0.19287702256969733
0.15654034454107707
0.1699888299951402
0.1590385795905332
0.15179435068774466
0.12547099357385683
0.11632810872596097
0.18389280269327596
0.14166763914563468
0.1059011204250551
0.16091900313658933
0.19101202930154793
0.1971656338084632
0.15374657414225995
0.18335876448008234
0.11667967822138538
0.20574049173174955
0.15274882007728235
0.14566042056244852
0.12657005107627503
0.18552542298103453
0.19353647432725693
0.16688657584664338
0.13676401430745408
0.15063291030761725
0.11137898875420996
0.1541658102511864
0.1348187098832485
0.15477199339030953
0.1757473766464689
0.16261275409553297
0.18835747848121442
0.1599118259718738
0.17054406795726482
0.15262880542004764
0.13372844837758976
0.14166763914563468
0.13754821784946755
0.10027919323988142
0.1616450370312183
0.13224559308717507
0.16042996085453687
0.16961214548784706
0.18532591401447643
0.14929971338677903
0.18005975137969896
0.20578910618974033
0.13872220409425887
0.1908318724723481
0.16905174930958083
0.18754369825217326
0.14890088227046983
0.17684710944986154
0.17761022652589328
0.1234599377772197
0.16973341704405
0.11581519065253112
0.1281845186325659
0.202964818863266
0.14153943700544577
0.1309240086806045
0.16758544830739758
0.1611949109097775
0.1735362150600796
0.18084022060088345
0.18528336277124582
0.18124350385356755
0.17676794500034815
0.24791450556199163
0.14490980219489413
0.1211173295509678
0.15717948450301045
0.16774666588539133
0.11917258411907268
0.2015974664226762
0.1548511336007048
0.19258676099695948
0.14930841149821605
0.12714915696112064
0.1812031520063863
0.11613384136070304
0.1793264583941421
0.2546283266725885
0.21703432455673138
0.16484495445518066
0.12516534757593256
0.12070290893231014
0.171597868929974
0.16017436019485595
0.14105584721151013
0.12735621955196813
0.12307037095128204
0.1153155818657059
0.17926486515275017
0.19935683234434873
0.17209057151554727
0.15177442002511302
0.12827116304240613
0.15002656644031898
0.1618668090953481
0.17454031805301415
0.21014617165270627
0.17483145503492528
0.13037909809496045
0.1511861843642613
0.2122850641133335
0.18237105969531908
0.16645639730434894
0.13668209006126741
0.16898552361432903
0.1951094849315733
0.25356386507442963
0.22853336049205766
0.2373076694397166
0.12428983133691072
0.3066962827842309
0.19705252049151195
0.14963944419675385
0.22725894989035816
0.22302603573703078
0.12033005505763222
0.1289463456530881
0.16423947718562884
0.1935470780966335
0.1537587557299542
0.11725873661337109
0.1751685929028402
0.19332462459130115
0.1835977303201503
0.21826080403779557
0.1563097498210565
0.13196720534733725
0.1693398278406662
0.1725777302597508
0.25201347080186304
0.17462911660824668
0.13214374255245115
0.1467807263713306
0.18932970422307963
0.2223099357442234
0.16210703428464218
0.15697741658860379
0.15271254861020345
0.1352767149452733
0.1433181946821357
0.14097331689073594
0.17591363736054522
0.14053466262342593
0.20226963555513824
0.22270753770000942
0.1576335896320804
0.16543184572232658
0.16858473403737773
0.14614112717886835
0.1613781407198434
0.18184217299040956
0.11834541960423177
0.11387952271585429
0.11836624985172758
0.17026923595640533
0.11838363147710092
0.14924962605454115
0.16076472301249617
0.1540877395040085
0.15919135298677514
0.13571165779581637
0.15086394963737157
0.14106180890703898
0.14399632219234604