0.1873161519816492
0.2517378890518248
0.22444827356348662
0.1932284274219192
0.19139929122385577
0.21597506291998014
0.19024846844407028
0.2048118468183381
0.25419478489700675
0.17971426573983784
0.16755043464909655
0.1440090834470593
0.1659473885140078
0.21972527631894223
0.16012918351507244
0.18002587069856144
0.20535280872497233
0.14326553182412308
0.17048720836145342
0.17801237271164638
0.18048055283342657
0.1927337802488235
0.21972527631894223
0.15871342775516714
0.16074311356481458
0.18437306098093967
0.17328697791525588
0.20618163507154738
0.2420282928236663
0.18058890226137844
0.2705635048447699
0.1662513305845611
0.2262903074906624
0.18456736002163626
0.18984298022294596
0.1485490005080981
0.2861412525773465
0.15757097016694233
0.20057328879620276
0.19185820410860535
0.219009305474764
0.27275562736434666
0.18728084766951925
0.3679696921837538
0.1599535852752781
0.2068394955915109
0.18115737733562767
0.18794058532301353
0.13413830562317688
0.25902329518070816
0.21482551710838566
0.2514686858236814
0.21388652638349231
0.15783848194772185
0.1749156467843053
0.21269331643163497
0.15321208734258812
0.19993125489319888
0.20886211249455627
0.21690257856004924
0.15228010581298107
0.20014251413047177
0.16288323861387702
0.16277346275008345
0.14093707793357516
0.1942855618285602
0.24657928971385137
0.1996600796555676
0.2260849817262192
0.17834968591717762
0.17280410638951446
0.18058767805546128
0.18767213242281464
0.1792713909732585
0.32105270848871603
0.16003187779150085
0.15350273769752545
0.1630561264758305
0.16370221999984896
0.1963582230907738
0.19872659342724655
0.19912256349752464
0.22236121485018842
0.23265917072028366
0.3122288125362238
0.1753525553275093
0.21210648289004475
0.13933314873819325
0.212403635063668
0.1449396101232556
0.24639321523991312
0.21076460532437735
0.22409025103471733
0.14515865623754692
0.2018572878814382
0.19768720302870518
0.1978765049016688
0.17048070121622336
0.16617103640305675
0.23606089222388393
0.2203555937427004
0.18915962164340167
0.15368274973954535
0.16700714331981908
0.2247393531533065
0.19965109950994947
0.20891344942821544
0.20369804217403845
0.18484205025103717
0.13697244040879972
0.21689541933612688
0.17220237386397289
0.18747326064055367
0.24427452170237263
0.23019069782209164
0.17063305112590366
0.16649202657688417
0.19884083768110655
0.17831317969068466
0.23609270924666678
0.2456984034900767
0.18303926999617054
0.17082658741844747
0.1908175607390935
0.16355248374440495
0.15287946961600063
0.2722024050619593
0.188688169742912
0.20374758247547298
0.2496326877118758
0.2365147693656152
0.1467680930934231
0.14466225187008827
0.1861930287697889
0.2981042229844138
0.23295742453242063
0.2596191867932113
0.18422206878925973
0.16227480776624667
0.16015368254185378
0.2128322306074927
0.15488600835748184
0.18579007475414144
0.17742204635366232
0.14267933604483968
0.20245418862447312
0.13764364033440937
0.2478503408755415
0.24070346289719818
0.1614013204810506
0.2197919458549236
0.1918457040532731
0.1982186973559673
0.27024712634310083
0.1553338445410028
0.18638482864251313
0.2080719215505503
0.18793971891291933
0.1467466675653503
0.25824036928160166
0.17398888122668907
0.1759956590293041
0.21065959063877218
0.11482143048961417
0.23317090364186968
0.21472057468619218
0.1927691983035258
0.1858754723749294
0.1442639086709109
0.1625321545955032
0.20782053164438644
0.16166902310354545
0.1815036075600202
0.1456443420344378
0.1305625466318558
0.1279842308365961
0.196808887386665
0.2368790730301782
0.27447260362312553
0.20183375675930193
0.21272331672679304
0.3179636975093123
0.290876528738844
0.17525482698610031
0.15321245710305248
0.18828113591286505
0.13581138374991927
0.18159925971262536
0.1534285090150717
0.4932997888686144
0.17387745538682506
0.21725387327761167
0.137647789347206
0.17054626639966516
0.2050296952899486
0.2212792899706617
0.16857345688333142
0.12620202746290582
0.1595311536109055
0.16351720241539375
0.2071944907657655
0.1722363602409957
0.26069908413273746
0.17716805536150024
0.17189515297732963
0.12638258491738572
0.15531135800269788
0.22955139991150522
0.21527218175417848
0.13555608577829825
0.19255071690114817
0.20732774520965722
0.14329985958139102
0.14369189080833877
0.15873224894045457
0.16753713486934813
0.22865645110307525
0.1565128199650215
0.2081115265292548
0.22683892072878958
0.1484268493742245
0.15817098097342752
0.24542268978493953
0.2126638666664411
0.19205624966868381
0.18242254503932834
0.20989043437858573
0.18060123319933652
0.13887941958305458
0.13486594677392613
0.1589323055592512
0.1567050654001536
0.21605504698379932
0.16502524569822957
0.17221482113787373
0.2036627399401595
0.22518726152172086
0.2095515356192357
0.20056338450106082
0.27263382706521644
0.32105270848871603
0.1707804939069007
0.21713306071006505
0.13916774281679126
0.12797236378012689
0.18711406764921013
0.20813616412699995
0.2329123761213061
0.25549982241498514
0.27746405763303855
0.32039800387836814
0.15800574672375303
0.18103996847350132
0.17293193972388163
0.14859479682251925
0.15967774447447433
0.15865028416569493
0.13581138374991927
0.17290727589531374
0.19712131720824197
0.14350239179318391
0.1723543700925944
0.18102356427925068
0.15957108005142653
0.16011971249796425
0.16868718242887276
0.1597399984619286
0.2059019388812243
0.1786425094794117
0.2830261195469612
0.24377907760770215
0.3616452866016663
0.2173434165983282
0.16770194068256133
0.20243952999856565
0.1393723619330719
0.2527212756444331
0.291481479600438
0.18590370198518294
0.18972154061245347
0.1635799318975976
0.17801715415546254
0.2716336418511824
0.17115490980940748
0.18825601858579924
0.1603546498482121
0.2602503479161824
0.16859303783434995
0.20742446125594466
0.18138711181613262
0.24263322378717436
0.14207119739653384
0.2058451529192799
0.18365148593130232
0.17671718083435187
0.17209843669491393
0.23844294322724993
0.228214981622849
0.2911822950605511
0.22421613869237608
0.16419921603189339
0.1647177182059699
0.2216186458391317
0.2919020535570324
0.19425626678813143
0.15864394378400917
0.2163306732600622
0.31943532828224974
0.14425108711823245
0.1704765245845642
0.22707873976228748
0.3543355517602707
0.2216708623786766
0.16072421776006085
0.1891491521951034
0.14576713558153323
0.1888725239819246
0.1544706847201897
0.19774985404860237
0.1407164051623089
0.17963567007716721
0.21217623657286433
0.2233317674455209
0.14890756128416108
0.19708562406009306
0.21105687693398387
0.2171220315270579
0.1707671415249221
0.23286201700255302
0.21910904034712295
0.16847533058677217
0.20693033537420066
0.15886697358120913
0.18624867284289565
0.1544706847201897
0.1964137208353949
0.16895677130529582
0.19250504995720796
0.16807988735083482
0.17794125073414516
0.1335594331360909
0.17786060634355602
0.25979609259514513
0.17674062051647454
0.1873737722187527
0.15812419640264397
0.1447449230913573
0.2140521378500358
0.2084797930146681
0.2774447491024195
0.1310630437615281
0.20688691902677808
0.12425971781102411
0.25949033906696706
0.1601049415341183
0.2070264713516558
0.188789228301103
0.2553504524082042
0.1582725962279942
0.13988560106840398
0.2486936287514453
0.14158483757227705
0.12742325193356244
0.11811397296054682
0.1926889035103727
0.20054922291983301
0.17635015569429796
0.12188670170034883
0.32974140475273
0.18335277822488724
0.24090693362440654
0.149145029359124
0.18872537597024447
0.20000121021619688
0.1345577185532683
0.23218502172982347
0.27340097273670433
0.2052015870559033
0.19108138258318758
0.137647789347206
0.1877496435739416
0.18860684987530146
0.14966699776475523
0.21299632460319196
0.2648337576388226
0.1705203976621229
0.26955177009432546
0.23855999426811283
0.18302140315211338
0.1320894331734754
0.17880621116635362
0.25186492624496315
0.2578021800335559
0.15480559089305218
0.16871584275785492
0.21473029660328335
0.1830203663320139
0.220606520037509
0.2096679120355909
0.18939010865143363
0.19968679496515365
0.1947013328429116
0.18443926719514084
0.3084083039190724
0.2992590236413205
0.22239176743228917
0.23859537841093825
0.17070734345835656
0.23168313651164937
0.17766532760431392
0.15683156505786539
0.16803357463497556
0.21199317094102565
0.288337869543656
0.28933013018891407
0.13660126431975134
0.1397341541870656
0.16911656104169148
0.21091371103713374
0.18256342973970932
0.15817098097342752
0.23527164330717126
0.19716218914464337
0.22787324840701306
0.21388569316606068
0.16937601082898276
0.1300473897280562
0.17410947362347956
0.1567050654001536
0.20427173221234346
0.15482501668442913
0.19467197776304385
0.23821062291015055
0.21692744716859333
0.2336279146147478
0.29662332793992524
0.2685877563086136
0.23262464620776419
0.16274480200592048
0.2820768206495315
0.18172318364229184
0.16357428321007528
0.2072378618136235
0.1759759914171619
0.18188245843988315
0.14838174679721797
0.1766291187255215
0.20135587310267217
0.2355993238311393
0.3418023453860947
0.2387371344653163
0.1950394823592768
0.15673008096635738
0.20725555208741508
0.1927960955856976
0.18646340777102868
0.1362751481036589
0.16673950524159845
0.19210257873639408
0.3039047027599113
0.25315768076751227
0.22877520512811889
0.16711201389298969
0.1882358860246024
0.21066727482069325
0.1522247119465742
0.18778854724798605
0.19253505917309863
0.17463012049938295
0.19081604538284921
0.2555886447847791
0.15646511162266014
0.20578640028997108
0.17260946942111785
0.19720932100835842
0.1706361923889266
0.18557083508303163
0.1645328239120635
0.25417592904300684
0.20208804308683104
0.24745946602109867
0.21729573962651696
0.21186167247012297
0.14783656980184431
0.14262662677060792
0.21592150865652565
0.2839589503750807
0.19875488790343535
0.1648823551284996
0.1864778387537422
0.1930635175072067
0.1515691411100582
0.17546245523025658
0.18433061455357921
0.3061882521789472
0.15150812170173536
0.18726425720685433
0.1909523989766539
0.18619580623025894
0.22530888056728862
0.17931347705930914
0.19409117668956227
0.12874832470357442
0.20050683520421117
0.16129277097095476
0.20507979392688175
0.23733535870814323
0.13676153078554928
0.18663305387949175
0.14691226461293788
0.234853976544428
0.21619375412072023
0.20923408200814653
0.23134812228113316
0.2597042812696542
0.26864451233154835
0.2899750419703061
0.2478503408755415
0.19538354676522335
0.28886049368266514
0.2088947397036836
0.1821331295803629
0.2093033495047327
0.14334115505224798
0.26899097605440325
0.3100095098747285
0.1418584162096408
0.3189980677764789
0.1403968816108471
0.14949865848218913
0.1586035159935247
0.14824829449333174
0.13236017558275073
0.14838174679721797
0.1705203976621229
0.21502942674537887
0.1465048395720994
0.19180607814823755
0.15908244126325732
0.17273393057028236
0.18609922132069678
0.22318712148108236
0.1485776752016844
0.23988646439112252
0.15537162362795434
0.2212792899706617
0.1363353359757298
0.18577217865410803
0.1940067041808844
0.22430573364692585
0.14937805399664086
0.15537332445906585
0.16685409229471818
0.16308775980891416
0.18794058532301353
0.2695802634790098
0.291608095351283
0.15559298006566963
0.15531135800269788
0.16608039968299212
0.14776498034201327
0.1458689225006142
0.20613900468155655
0.21535127629245857
0.17102740326297503
0.14780878981114082
0.1656695769319222
0.2002311693910519
0.17052989884430717
0.28220972721377424
0.13964143599989115
0.1795129480501003
0.1588507541329599
0.2838638641922092
0.2790762020260777
0.1710697359313565
0.18488677757182956
0.1750231780452709
0.1851633992440316
0.22381943345493358
0.16842376136989065
0.3222817417899162
0.1451934929996942
0.21828348590316923
0.2723904803093697
0.18911850204608038
0.1753277407129156
0.17120979667543615
0.16341491739174782
0.16327720936262677
0.22255710826472574
0.16585809074910252
0.13714675108950566
0.3411167313540405
0.1371215582818324
0.16877728861152438
0.23153268152246367
0.22123880454665074
0.19886808319623583
0.17272529962782623
0.15957576697658726
0.18795602112970153
0.12620202746290582
0.1601239625468642
0.163475335828217
0.29991554526905145
0.24432392877018447
0.11557558379349586
0.22757835764745796
0.15401902003420792
0.1394823172684399
0.19850429407437148
0.15783848194772185
0.26188840501397087
0.17692218225887282
0.1935568599680159
0.17590898455870696
0.26797664943818317
0.2971695065656012
0.18277354013772598
0.2616034849524975
0.13230741407633412
0.2494742433842292
0.2771883551460349
0.17412525370493942
0.14438258258806255
0.17675040278754298
0.13720276026936762
0.16521409748188678
0.21936829431284097
0.35483324147033346
0.13349778533755002
0.2096679120355909
0.1979089787899917
0.17232965794887325
0.2447887552274532
0.26926954271507286
0.2008688273031733
0.1756936216655098
0.14534800935916972
0.2652302039543208
0.2061725441955633
0.29935732604528525
0.23233615142494998
0.19188046105899464
0.16677393494184878
0.22955139991150522
0.18369530161950992
0.21320060036976818
0.17865686791212032
0.23496358914955956
0.13951401860329307
0.16863128194192686
0.19231575261810374
0.1538427447111354
0.3084083039190724
0.1441155887560683
0.1419139750342945
0.30438103696203134
0.20613900468155655
0.1928088759520671
0.2735001459906863
0.20750205694606996
0.19089806486113728
0.17471367273821853
0.2131066994182598
0.13424260201913749
0.25208574329713035
0.14210703890138196
0.15654534892496746
0.22361991758678618
0.19223708648877827
0.1479497653779543
0.16745250371375878
0.23286201700255302
0.24025402365446397
0.16753713486934813
0.17984277972064522
0.15298698556287757
0.20089245426829144
0.2819400037000937
0.15679292892812474
0.2506916100323446
0.1704274289405511
0.19897289199803564
0.18991868650020133
0.22683892072878958
0.147553025403324
0.14444699501385933
0.15644618551566064
0.2714795629910367
0.2223997925778309
0.28933013018891407
0.1382536808976918
0.1284774427927441
0.13660126431975134
0.12392398871308932
0.1384211810236438
0.27039542727957405
0.26147607130947104
0.20957520688354384
0.22300520532384632
0.13100872617543677
0.12764802543075177
0.27161180169063115
0.24542268978493953
0.127827427925588
0.18861196093282898
0.2564019905629409
0.2608934011541269
0.29899409851233144
0.21718785995164613
0.13964143599989115
0.13486594677392613
0.2595557530574095
0.16154782451759203
0.1589323055592512
0.16999638392548644
0.1619683416376825
0.1567050654001536
0.16311650981447476
0.14706346233583187
0.18844173146565435
0.2341831803088308
0.2056251425269822
0.21662251564957366
0.22014515342535335
0.2193810669759837
0.22130860907662198
0.19807485556983098
0.19183138753922277
0.1801353304133716
0.2547945353001236
0.27263382706521644
0.2403925850714687
0.32105270848871603
0.2414901613134772
0.17285353543024617
0.15322090840337801
0.17928776937643756
0.18889040977944116
0.18666208056707914
0.16517076556876586
0.17070616578621917
0.260010400389634
0.17195622296257038
0.25642987281995394
0.16876571792921574
0.2508714238482239
0.2060280980335813
0.14979003852586703
0.22972903558550622
0.21467135672737342
0.26413025154905917
0.17635731440537913
0.1602568837450239
0.18711406764921013
0.14566057362472168
0.16590612084243042
0.1857293196836267
0.25118658329569166
0.1848206629803873
0.18584252837636003
0.14752878633274294
0.2743664931095485
0.20599341698337179
0.1658978961124812
0.12811506712340248
0.13705390852141291
0.18942432818709126
0.2929001200161462
0.13557970674441636
0.242672204140118
0.19042368433560208
0.17298167761399316
0.1860932358442164
0.1546107411533845
0.23080667061402219
0.2065674591565557
0.16456289811970146
0.24853888665033252
0.19621664956248272
0.22267556121225085
0.1851633992440316
0.2395633314921723
0.1996747130670838
0.24006028832192366
0.17406929477389405
0.18646340777102868
0.18203983610203675
0.23194022850280713
0.27427697400577955
0.1580005285320028
0.1634434017128568
0.24379632045196778
0.1877547177118433
0.2353485209329219
0.19455374377267634
0.17674723748940124
0.21306081093106333
0.18959783141921585
0.1842709166820145
0.19549240696921852
0.19548976385265354
0.21106468590870756
0.20276996929996716
0.1918623061192398
0.2977222050282416
0.2259831446942952
0.19955516438869897
0.1929622156317466
0.23900805024919275
0.25545335961816695
0.20680629480320936
0.20475187192264474
0.1522247119465742
0.18778854724798605
0.21563392588118477
0.17098496032413626
0.12588250301367937
0.16511580849156257
0.27176920512696556
0.19081604538284921
0.1745175783494177
0.12837196553986738
0.11635949046820084
0.2415469246986169
0.15646511162266014
0.12302651017063002
0.14311980443060943
0.1741055898499854
0.15379967127254407
0.20403788899683833
0.14350239179318391
0.13901199957737762
0.18308863746610174
0.33546663575665103
0.27269382643562196
0.15514790372756745
0.18102356427925068
0.2010230431201863
0.18104943081047464
0.2018572878814382
0.20999188773003086
0.1578654724984008
0.21027341271092473
0.14727523995748318
0.21051692758488363
0.19478133412333876
0.17347776209752866
0.16403045043380035
0.13728776599241904
0.12848857947812262
0.19102652365086603
0.2559139128129642
0.1597399984619286
0.253931238628915
0.2059019388812243
0.2131936934020441
0.1959534959530841
0.19251912541836724
0.21528291822208992
0.22318712148108236
0.2811528140108318
0.2234569432163649
0.217242181302548
0.21100615671796655
0.2830261195469612
0.1619992693453921
0.16674098806669618
0.16579166754925365
0.25216134119489153
0.1959294547170892
0.22005289940440867
0.18371457262833674
0.18583718163567947
0.13612140593348357
0.20378519136527118
0.1317661616776592
0.19850163257708522
0.1653582383016394
0.24544842695584887
0.15590028095848024
0.23943183072784555
0.1522856789039108
0.15222916149239213
0.17086365813248217
0.19686826284717365
0.26175438752696767
0.18590370198518294
0.21505742021233726
0.1650423485624562
0.1743264447408428
0.19642346651130038
0.13268990643706904
0.2727963117178343
0.2522655619028679
0.15625866586992823
0.13239905919158362
0.18880920577873245
0.17801715415546254
0.2522400930731987
0.15857211573646923
0.1515691411100582
0.1453069648087609
0.18867367607284077
0.2337766357255332
0.16919930209872247
0.1345042400586992
0.3075333160534144
0.22977761696961008
0.18921909809833862
0.22298873518694162
0.22860431544655255
0.14672182602180348
0.2611928788103225
0.21371560682108115
0.16196823955090772
0.23791613997534708
0.21204187223418022
0.1345473955217734
0.2527620470152358
0.24111220374287892
0.3061882521789472
0.18147201166938623
0.1433464232848737
0.13697244040879972
0.1734510082849234
0.15635735193403472
0.18575611414109336
0.2200625956096798
0.12927268184122967
0.16857684227988945
0.20023547100414602
0.2855872168246504
0.21788859901903837
0.12750913850575601
0.17073096118916303
0.16419526774423135
0.27410920167702635
0.15880082546686441
0.15497405290449742
0.21769988379851957
0.2563881128668898
0.16317928151768277
0.1731205400227499
0.26332907155233043
0.4631572832448707
0.1710176725250915
0.20558939512246954
0.2138548632190884
0.1673444663033403
0.17476418172457664
0.17732026377106277
0.17616203433570649
0.14207119739653384
0.1332510562986326
0.28866385137519823
0.1668365475393352
0.21596405636198446
0.3123834741907945
0.21460565509852658
0.17996230983644662
0.16107837505499714
0.18097437944600062
0.2055192085233206
0.22578621409085195
0.18646499492711288
0.14662084062185501
0.1932614152118933
0.1908175607390935
0.19688879236716203
0.19955420378088923
0.1833019319922903
0.21436757037693555
0.19062098244026937
0.23282614956786968
0.3342024603978199
0.17664732455040785
0.1672575749459529
0.2661134911267501
0.3041418717280166
0.1871320343878859
0.22304124041657583
0.29272796047078087
0.20258962376614892
0.18522610259320096
0.15958735355315823
0.20005973135337837
0.1744459245393327
0.2823927922346559
0.12874832470357442
0.2585383449520171
0.2607374879105791
0.2301343468064433
0.30000434575409507
0.13165473861164909
0.2058451529192799
0.2123604545009469
0.23733535870814323
0.2191534517727138
0.20264954766633717
0.13940591374936437
0.22628922950518263
0.20557470176272852
0.1771730914668422
0.1759378009982125
0.23552271641222478
0.17202790820341213
0.32389663620042475
0.22302092196993215
0.1603305775339714
0.15020202337496816
0.18693347022537257
0.20476451032037077
0.2778292494084861
0.20304114076840107
0.21091914738443504
0.19658384174452373
0.13964202001991582
0.29735077801768545
0.18349553834628057
0.23408898139503148
0.23139138723174948
0.21699711452811615
0.25361144060533203
0.19328292324549956
0.21619375412072023
0.20190526835695619
0.1556913429871693
0.2946519607641614
0.12554875092830664
0.1596525039344322
0.17514747291673957
0.23946667537107286
0.24252749575670876
0.257960621861809
0.24484407372361763
0.28522679190340966
0.1303913631820218
0.17504115190314462
0.26594684119774636
0.1661596324608588
0.2913542335708362
0.2721189499290728
0.39875364983963957
0.16015368254185378
0.14509132133983235
0.24401555809382214
0.16541789246185426
0.18282927927769377
0.27823733685575475
0.15834812715035754
0.19236205032436707
0.26864451233154835
0.15210330647622708
0.2880911128230944
0.1761539581160506
0.2850323511721447
0.23620383944640913
0.22317737119403458
0.29464207498742884
0.2164392421368177
0.2386431009112109
0.1914722774544077
0.21397670043768585
0.24070346289719818
0.21152182036081024
0.21887221351280367
0.19173627814049937
0.2612727050176983
0.22934711128308266
0.2200486405264194
0.1545442918779739
0.28554164434333335
0.18499141378168046
0.21534740203248162
0.26445346656088065
0.2088330085355839
0.29701319357996336
0.23438450046176507
0.3342688627792426
0.22373513723471622
0.211215739405031
0.16166902310354545
0.2365571330031011
0.2031180743281505
0.27024712634310083
0.2363826106015259
0.16407315597931232
0.21524061504919198
0.17287542018224522
0.20097879276563835
0.1811210638584229
0.2093033495047327
0.20055416446749322
0.184839106548814
0.2213376764003517
0.29615372672644924
0.19122152185627717
0.1733434650240908
0.27028468232673997
0.23840134381477912
0.15756170729481767
0.1941942756152027
0.15401483807915406
0.23317090364186968
0.19540507882822697
0.17163489860624406
0.22509776991341063
0.1897716051527713
0.12839316719714897
0.16005392080546194
0.18278933538872677
0.20995028102417693
0.18653385053338156
0.23881037938659355
0.17129423533464397
0.16238301778393777
0.19852385221305557
0.14255740297946476
0.21056206707865951
0.15354566423969543
0.25343684458329474
0.24776647498152568
0.2725777057004928
0.1773894057936851
0.18475921553824487
0.18230041375529743
0.41750636653092044
0.2573472589253438
0.16344792564717447
0.1332844569122247
0.16426779335389632
0.1857722553156878
0.18472001699978732
0.198814613027525
0.17676223825433218
0.27440654813759835
0.1947725631303296
0.1789873698982682
0.19993125489319888
0.290876528738844
0.18695116133869322
0.25195065173596154
0.21816852775387144
0.24811920152364336
0.2036627399401595
0.1786425094794117
0.17514021427404627
0.2648470797144694
0.19340221678233782
0.1534285090150717
0.14253859751211403
0.14284154795562487
0.13101732647212766
0.1612670958509263
0.198998795131199
0.14929567789246867
0.27311306160337473
0.17232114422440978
0.28657819299264053
0.15246781756291758
0.22460895349949414
0.24147636542320502
0.14528904389919256
0.20381817615899053
0.16991029472539287
0.18695666332698344
0.21222772688905855
0.24432392877018447
0.25657547110625767
0.24616363060046154
0.2280556054822046
0.2746543331427325
0.1874115301380529
0.15029261331755725
0.3084083039190724
0.1569013972281789
0.22131299295033982
0.14045527738883773
0.1418427780127372
0.16495896566980683
0.15586766739521607
0.23198825495881392
0.1175036688830155
0.2034335689786549
0.14787046585817334
0.1906757566313591
0.16756535518475288
0.26778893277465077
0.13971707270560757
0.19876694374585377
0.23237356684480376
0.18137014639562118
0.15776800361218649
0.15468236375330754
0.1938356531087585
0.17746683379035538
0.20989043437858573
0.19787897036250282
0.2843021620587324
0.14663004447742717
0.17258171811630715
0.2264424151208304
0.16488843702481593
0.17279747824439032
0.21185962403162076
0.2040401192060631
0.16502524569822957
0.17221482113787373
0.22044053264014962
0.18552772632168
0.1707804939069007
0.21713306071006505
0.338142326177165
0.2771735991484539
0.18666208056707914
0.3184541032823024
0.17496121658731267
0.16468353927508703
0.2064883398211035
0.2673011346136545
0.22107502430429732
0.22252651832776624
0.26818109881771585
0.30907060705000355
0.23778041581028764
0.1861528337011761
0.16440573588774496
0.2178664848052083
0.2864684400327053
0.16728617217640204
0.16498996162518867
0.21915019329484578
0.17566399248108797
0.30554938580634083
0.29578634891131167
0.2412749046723255
0.30645966713546724
0.14506912406311845
0.20198454913633895
0.2011513857967482
0.13316925992958345
0.14673699171966217
0.20680629480320936
0.20243699019795447
0.18726971652562563
0.19712131720824197
0.17908952285936172
0.20903375474150085
0.22335990908653988
0.24478994601048626
0.20403788899683833
0.28185737832531244
0.1838531429199619
0.20046348750570367
0.1873458923810755
0.14564131863195545
0.19121404879656395
0.19506049186938362
0.18159576137498065
0.2021537146516062
0.19926498418690478
0.18327229599314251
0.23955461926760074
0.20882306898961597
0.2579292754884466
0.18744278016315208
0.18857749547149638
0.20694600328141596
0.35397771129832634
0.2256247590833519
0.14053899768445938
0.24177766406105444
0.1680331850874282
0.20742446125594466
0.3065738886750373
0.1731205400227499
0.1704329519964996
0.18903497374575642
0.20558939512246954
0.16098159328186326
0.22492288750651254
0.23079597256449508
0.17476418172457664
0.2349623068763287
0.14207119739653384
0.1994894046388059
0.21085730123577992
0.16351757207033582
0.19221636999398758
0.22211390601471012
0.26520255269674536
0.26829836432809906
0.21837445868971336
0.19721121272341025
0.16186034971078309
0.22852618943431388
0.30506789932901357
0.23844294322724993
0.26243249270961594
0.22308478809024096
0.1836414092677534
0.2318115718463855
0.22018643421593148
0.25540388096407973
0.20990011030530398
0.14471067868029866
0.15503942142642707
0.21868545223885194
0.17287857843666632
0.2278327808948101
0.22317737119403458
0.19674992438886996
0.18358537626013605
0.2320731446890843
0.19443902178141614
0.17002427486781885
0.1924583525144464
0.16355742431595088
0.22094998350654843
0.20318169507169082
0.21424905775025307
0.2558929414777894
0.20302739706872308
0.2691014280193372
0.24639822462560992
0.24538254883073113
0.23624800685395309
0.24847078629358113
0.23599035271908142
0.27028468232673997
0.2413461282396639
0.20307594944803764
0.1972517006445244
0.2198448331205176
0.14365426262434713
0.17067965275556668
0.11892579101140538
0.17981025885414584
0.17383095074961205
0.15541336275612455
0.18893565717760927
0.1609282250793922
0.1922249208359617
0.17088781102634304
0.22266630333730478
0.1689889475014748
0.2958539627161622
0.20240280853699236
0.20887213561079554
0.14640860918983437
0.1967827762359269
0.17794861734686987
0.20583242101206917
0.2046147066569426
0.16705688253324757
0.234428636168499
0.1958765926403004
0.1453551692545115
0.14311980443060943
0.12745096741902381
0.1409973381529961
0.1862392385952762
0.17358779558847545
0.20287446610495985
0.154751734554757
0.15037767125137674
0.21391810811745107
0.26406894527333336
0.3238890575405649
0.19585611446605872
0.20888178409012595
0.17822596421869075
0.1422089472775381
0.13839802235513024
0.2167048053760548
0.18142768232805986
0.1260791832771997
0.1834357532993006
0.24447519767100923
0.2486936287514453
0.17266366665558966
0.21209419342889896
0.17119500065663432
0.23223428030416143
0.17929790583021046
0.17389971141216287
0.15946904033755727
0.22775002536912314
0.24532454882532073
0.20568995498246692
0.18159925971262536
0.18292457400209536
0.11598169081504427
0.1944908125440096
0.17853246644229934
0.1636233145728795
0.21580076638158077
0.18412638494820985
0.2391671201141525
0.20764012732699333
0.19411896044477006
0.20816608112638313
0.2101982656604691
0.18142768232805986
0.15559298006566963
0.12620202746290582
0.20122983586505894
0.16302794842538595
0.17350348322071796
0.21724987747251973
0.24951941729462196
0.1638253333663126
0.2264792147707124
0.24498211308393344
0.1623481499922561
0.2128544935650996
0.20813879308173014
0.2338015057401095
0.19092806710622498
0.20451946001565735
0.21665925848390596
0.14555411082316003
0.2218870546408775
0.16553282058614696
0.14827399989436074
0.2617832168731349
0.16759808531050766
0.16456423284029023
0.20559252458176122
0.2056251425269822
0.21864315442489776
0.23758931041000708
0.2514381240473612
0.21824354013837477
0.2101055027653821
0.31847789337794785
0.17460456608044514
0.17616115025494058
0.2010217611713138
0.20163223952251882
0.13056394104029403
0.2552097932426072
0.2072250675475833
0.27427697400577955
0.19659701627169707
0.14966371799484735
0.23542633226881046
0.12843665647668057
0.2733297675214033
0.3579314960520479
0.2572567380893454
0.16091757051019565
0.1541847456516125
0.1580598006859223
0.2234569432163649
0.2337323914017887
0.16619556363057242
0.14714560958211423
0.1532665619162589
0.1534363949962058
0.2839589503750807
0.2573113742990229
0.2152467961189535
0.18005009401460192
0.21027104915464795
0.18822568667545828
0.2010258201973757
0.2200625956096798
0.28234257685459757
0.23774262768177173
0.1630447767516381
0.1846037150262094
0.2651222239427145
0.27571919898986996
0.2023998933455802
0.1636237626219125
0.20951835357412735
0.2561194430971903
0.3728111237487816
0.29206607452049393
0.3411167313540405
0.1342027941941293
0.40359410755899994
0.2740762903900803
0.20138225022218137
0.2762302329853994
0.27677772833164827
0.14718848228580733
0.13236612532703834
0.2238433417761076
0.22317967219490922
0.1926121448465612
0.13604262095096392
0.22934711128308266
0.21432144606284295
0.2080719215505503
0.2442559236956193
0.1613824575569551
0.15628906204967719
0.21038853457370627
0.20274591460554142
0.3145641649420903
0.20556227499115828
0.16834407417326666
0.17035017378179831
0.2327092332002313
0.28300457745161134
0.20243483720622907
0.16041550626382464
0.17448651000397675
0.14958561338890647
0.15653992152901045
0.16362818862426895
0.1951322824948465
0.15498825396780164
0.23944210269979474
0.2792582598940641
0.18083058852117057
0.20085256547361865
0.20934980432768482
0.15956965180528093
0.16855579745978713
0.20822785886155137
0.17279747824439032
0.16478991589614772
0.1523458534766789
0.19687890104919145
0.127122749893056
0.16159700832234494
0.1470109494900128
0.15637323791442292
0.15841300261018743
0.16653329805385855
0.16102468917121127
0.1562614178229775
0.16260269304621944